kinematics:
  shoulder:
    x: 0
    y: 0
    z: 0.08933948999404991
    roll: -0
    pitch: 0
    yaw: 6.166407340059626e-06
  upper_arm:
    x: 5.285724533519687e-05
    y: 0
    z: 0
    roll: 1.572142197610849
    pitch: 0
    yaw: -2.105502758263638e-05
  forearm:
    x: -0.4250148767783398
    y: 0
    z: 0
    roll: 3.140835813503944
    pitch: -3.139875312813028
    yaw: 3.141588352653504
  wrist_1:
    x: -0.3922429604646504
    y: -0.000566626438629965
    z: 0.1095830150041468
    roll: 0.005170704500051893
    pitch: -0.000805039869751392
    yaw: -5.969098341020096e-05
  wrist_2:
    x: 0.0001456149561093611
    y: -0.09480837707416102
    z: 5.122515383309204e-05
    roll: 1.570256024867691
    pitch: 0
    yaw: -1.993075094980621e-05
  wrist_3:
    x: 5.862123494124877e-05
    y: 0.08263034549514471
    z: -1.100205731687057e-06
    roll: 1.570783012004488
    pitch: 3.141592653589793
    yaw: 3.141413026466608
  hash: calib_5865542449241075532
